23273850519
23273856413
23273858728
23273856712
23273853040
23273854817
23273850031
23273851134
23273859264
23273857979
23273857641
23273858159
23273853664
23273852676
23273858497
23273850497
23273850424
23273854444
23273853884
23273852542
23273851826
23273856706
23273852974
23273854953
23273854019
23273850692
23273850221
23273857578
23273858401
23273857668
23273854323
23273853156
23273853222
23273853174
23273850997
23273858746
23273855363
23273851546
23273853071
23273857041
23273851575
23273857499
23273858564
23273856598
23273854428
23273855686
23273855877
23273856438
23273855588
23273859652
23273859371
23273853601
23273851041
23273857002
23273854475
23273857403
23273858989
23273853713
23273851597
23273856891
23273855022
23273855927
23273857281
23273859465
23273859292
23273857731
23273851911
23273852729
23273859427
23273850254
23273859892
23273854359
23273858284
23273850836
23273852960
23273854241
23273851942
23273852858
23273853029
23273852112
23273855010
23273859880
23273857369
23273856811
23273853433
23273856872
23273852016
23273858630
23273857915
23273855026
23273851436
23273855775
23273857347
23273851931
23273854915
23273851619
23273859416
23273853696
23273858310
