23278202085
23278209487
23278208760
23278204537
23278203992
23278200433
23278209632
23278207011
23278200327
23278209776
23278205035
23278202330
23278201936
23278209386
23278200988
23278206093
23278201726
23278204709
23278200455
23278204607
23278202919
23278204873
23278204642
23278202412
23278208300
23278201080
23278200243
23278206228
23278208142
23278200527
23278209038
23278207641
23278203944
23278208449
23278205000
23278205736
23278201393
23278201046
23278205649
23278207321
23278203453
23278201733
23278203952
23278208400
23278201548
23278206802
23278209845
23278200435
23278209119
23278202823
23278209249
23278209870
23278207243
23278207823
23278202080
23278209301
23278208457
23278200580
23278201124
23278202924
23278200044
23278209654
23278200693
23278204786
23278207131
23278200494
23278201881
23278202290
23278206709
23278200218
23278209262
23278208665
23278202375
23278207777
23278203783
23278200319
23278200056
23278201820
23278207661
23278206692
23278207448
23278207684
23278204300
23278204362
23278208830
23278206219
23278206214
23278207428
23278203702
23278207595
23278202063
23278201511
23278209235
23278209110
23278206715
23278208988
23278201215
23278201850
23278203889
23278206779
